0   -79.9   44.0   0
1   -79.90073007982915   44.00073007982913   100.0
2   -79.90146015965826   44.001460159658265   100.0
3   -79.90219023948741   44.0021902394874   100.0
4   -79.90292031931654   44.00292031931653   100.0
5   -79.90365039914568   44.00365039914566   100.0
6   -79.90438047897479   44.004380478974795   100.0
7   -79.90511055880393   44.00511055880393   100.0
8   -79.90584063863307   44.00584063863306   100.0
9   -79.90657071846219   44.00657071846219   100.0
10   -79.90730079829133   44.007300798291325   100.0
11   -79.90803087812046   44.00803087812046   100.0
12   -79.9087609579496   44.00876095794959   100.0
13   -79.90949103777872   44.00949103777872   100.0
14   -79.91   44.009100678394084   100.0
15   -79.91   44.008201356788156   100.0
16   -79.91   44.00730203518225   100.0
17   -79.91   44.00640271357632   100.0
18   -79.91   44.00550339197041   100.0
19   -79.91   44.00460407036448   100.0
20   -79.91   44.003704748758565   100.0
21   -79.91   44.00280542715265   100.0
22   -79.91   44.00190610554673   100.0
23   -79.91   44.00100678394082   100.0
24   -79.91   44.000107462334896   100.0
25   -79.91   43.99920814072897   100.0
26   -79.91   43.997434011727414   100.0
27   -79.91   43.99653469012149   100.0
28   -79.91   43.99563536851558   100.0
29   -79.91   43.994736046909665   100.0
30   -79.91   43.99383672530374   100.0
31   -79.91   43.99293740369782   100.0
32   -79.91   43.9920380820919   100.0
33   -79.91   43.99113876048599   100.0
34   -79.91   43.99023943888007   100.0
35   -79.91   43.989340117274146   100.0
36   -79.91   43.988440795668225   100.0
37   -79.91   43.98754147406231   100.0
38   -79.91   43.98576734506075   100.0
39   -79.91   43.98486802345483   100.0
40   -79.91   43.98396870184891   100.0
41   -79.91   43.98306938024299   100.0
42   -79.91   43.98217005863707   100.0
43   -79.91   43.98127073703115   100.0
44   -79.91   43.98037141542524   100.0
45   -79.91   43.97947209381932   100.0
46   -79.91   43.9785727722134   100.0
47   -79.91   43.977673450607476   100.0
48   -79.91   43.97677412900156   100.0
49   -79.91   43.97587480739565   100.0
50   -79.91   43.97410067839407   100.0
51   -79.91   43.97320135678816   100.0
52   -79.91   43.97230203518224   100.0
53   -79.91   43.97140271357632   100.0
54   -79.91   43.9705033919704   100.0
55   -79.91   43.96960407036448   100.0
56   -79.91   43.968704748758555   100.0
57   -79.91   43.96780542715264   100.0
58   -79.91   43.96690610554673   100.0
59   -79.91   43.96600678394081   100.0
60   -79.91   43.96510746233489   100.0
61   -79.91   43.96420814072897   100.0
62   -79.91   43.96243401172741   100.0
63   -79.91   43.96153469012149   100.0
64   -79.91   43.960635368515575   100.0
65   -79.91   43.959736046909654   100.0
66   -79.91   43.95883672530374   100.0
67   -79.91   43.95793740369781   100.0
68   -79.91   43.9570380820919   100.0
69   -79.91   43.956138760485985   100.0
70   -79.91   43.955239438880064   100.0
71   -79.91   43.95434011727415   100.0
72   -79.91   43.95344079566822   100.0
73   -79.91   43.95254147406231   100.0
74   -79.91   43.950767345060754   100.0
75   -79.91   43.949868023454826   100.0
76   -79.91   43.94896870184891   100.0
77   -79.91   43.94806938024299   100.0
78   -79.91   43.94717005863707   100.0
79   -79.91   43.946270737031156   100.0
80   -79.91   43.945371415425235   100.0
81   -79.91   43.944472093819314   100.0
82   -79.91   43.9435727722134   100.0
83   -79.91   43.94267345060748   100.0
84   -79.91   43.94177412900156   100.0
85   -79.91   43.940874807395645   100.0
86   -79.91   43.93910067839408   100.0
87   -79.91   43.93820135678816   100.0
88   -79.91   43.93730203518224   100.0
89   -79.91   43.93640271357632   100.0
90   -79.91   43.93550339197041   100.0
91   -79.91   43.934604070364486   100.0
92   -79.91   43.93370474875857   100.0
93   -79.91   43.932805427152644   100.0
94   -79.91   43.93190610554673   100.0
95   -79.91   43.931006783940816   100.0
96   -79.91   43.930107462334895   100.0
97   -79.91   43.929208140728974   100.0
98   -79.91   43.92743401172741   100.0
99   -79.91   43.926534690121485   100.0
100   -79.91   43.92563536851557   100.0
101   -79.91   43.92473604690965   100.0
102   -79.91   43.92383672530373   100.0
103   -79.91   43.922937403697816   100.0
104   -79.91   43.922038082091895   100.0
105   -79.91   43.921138760485974   100.0
106   -79.91   43.92023943888006   100.0
107   -79.91   43.919340117274146   100.0
108   -79.91   43.91844079566822   100.0
109   -79.91   43.9175414740623   100.0
110   -79.91   43.91576734506074   100.0
111   -79.91   43.91486802345483   100.0
112   -79.91   43.91396870184891   100.0
113   -79.91   43.91306938024299   100.0
114   -79.91   43.912170058637074   100.0
115   -79.91   43.911270737031145   100.0
116   -79.91   43.91037141542523   100.0
117   -79.91   43.90947209381932   100.0
118   -79.91   43.9085727722134   100.0
119   -79.91   43.907673450607476   100.0
120   -79.91   43.906774129001555   100.0
121   -79.91   43.905874807395634   100.0
122   -79.91   43.90410067839408   100.0
123   -79.91   43.90320135678816   100.0
124   -79.91   43.902302035182245   100.0
125   -79.91   43.901402713576324   100.0
126   -79.91   43.9005033919704   100.0
127   -79.91   43.89960407036449   100.0
128   -79.91   43.89870474875857   100.0
129   -79.91   43.897805427152655   100.0
130   -79.91   43.896906105546734   100.0
131   -79.91   43.89600678394082   100.0
132   -79.91   43.8951074623349   100.0
133   -79.91   43.89420814072898   100.0
134   -79.91   43.89243401172741   100.0
135   -79.91   43.891534690121496   100.0
136   -79.91   43.890635368515575   100.0
137   -79.91   43.889736046909654   100.0
138   -79.91   43.88883672530373   100.0
139   -79.91   43.88793740369782   100.0
140   -79.91   43.8870380820919   100.0
141   -79.91   43.88613876048598   100.0
142   -79.91   43.88523943888006   100.0
143   -79.91   43.88434011727415   100.0
144   -79.91   43.88344079566822   100.0
145   -79.91   43.88254147406231   100.0
146   -79.91   43.88076734506075   100.0
147   -79.91   43.87986802345482   100.0
148   -79.91   43.878968701848905   100.0
149   -79.91   43.878069380242984   100.0
150   -79.91   43.87717005863706   100.0
151   -79.91   43.87627073703115   100.0
152   -79.91   43.87537141542523   100.0
153   -79.91   43.87447209381931   100.0
154   -79.91   43.87357277221339   100.0
155   -79.91   43.87267345060748   100.0
156   -79.91   43.87177412900155   100.0
157   -79.91   43.87087480739564   100.0
158   -79.91   43.86910067839408   100.0
159   -79.91   43.86820135678816   100.0
160   -79.91   43.86730203518224   100.0
161   -79.91   43.86640271357632   100.0
162   -79.91   43.86550339197041   100.0
163   -79.91   43.86460407036448   100.0
164   -79.91   43.863704748758565   100.0
165   -79.91   43.86280542715265   100.0
166   -79.91   43.86190610554673   100.0
167   -79.91   43.86100678394081   100.0
168   -79.91   43.860107462334895   100.0
169   -79.91   43.859208140728974   100.0
170   -79.91   43.85743401172742   100.0
171   -79.91   43.8565346901215   100.0
172   -79.91   43.85563536851558   100.0
173   -79.91   43.854736046909665   100.0
174   -79.91   43.853836725303736   100.0
175   -79.91   43.85293740369782   100.0
176   -79.91   43.8520380820919   100.0
177   -79.91   43.85113876048599   100.0
178   -79.91   43.85023943888007   100.0
179   -79.91   43.849340117274146   100.0
180   -79.91   43.84844079566823   100.0
181   -79.91   43.84754147406231   100.0
182   -79.91   43.84576734506074   100.0
183   -79.91   43.84486802345483   100.0
184   -79.91   43.84396870184891   100.0
185   -79.91   43.84306938024299   100.0
186   -79.91   43.842170058637066   100.0
187   -79.91   43.84127073703115   100.0
188   -79.91   43.84037141542523   100.0
189   -79.91   43.83947209381932   100.0
190   -79.91   43.838572772213396   100.0
191   -79.91   43.837673450607475   100.0
192   -79.91   43.83677412900156   100.0
193   -79.91   43.83587480739564   100.0
194   -79.91   43.83410067839407   100.0
195   -79.91   43.83320135678815   100.0
196   -79.91   43.83230203518224   100.0
197   -79.91   43.83140271357632   100.0
198   -79.91   43.830503391970396   100.0
199   -79.91   43.82960407036448   100.0
200   -79.91   43.828704748758554   100.0
201   -79.91   43.82780542715264   100.0
202   -79.91   43.826906105546726   100.0
203   -79.91   43.826006783940805   100.0
204   -79.91   43.825107462334884   100.0
205   -79.91   43.82420814072897   100.0
206   -79.91   43.82243401172741   100.0
207   -79.91   43.82153469012149   100.0
208   -79.91   43.820635368515575   100.0
209   -79.91   43.819736046909654   100.0
210   -79.91   43.81883672530374   100.0
211   -79.91   43.81793740369781   100.0
212   -79.91   43.8170380820919   100.0
213   -79.91   43.816138760485984   100.0
214   -79.91   43.81523943888006   100.0
215   -79.91   43.81434011727414   100.0
216   -79.91   43.81344079566823   100.0
217   -79.91   43.81254147406231   100.0
218   -79.91   43.810767345060746   100.0
219   -79.91   43.80986802345483   100.0
220   -79.91   43.80896870184891   100.0
221   -79.91   43.80806938024299   100.0
222   -79.91   43.80717005863707   100.0
223   -79.91   43.806270737031156   100.0
224   -79.91   43.805371415425235   100.0
225   -79.91   43.80447209381932   100.0
226   -79.91   43.8035727722134   100.0
227   -79.91   43.80267345060748   100.0
228   -79.91   43.80177412900156   100.0
229   -79.91   43.800874807395644   100.0
230   -79.91   43.799100678394076   100.0
231   -79.91   43.798201356788155   100.0
232   -79.91   43.79730203518224   100.0
233   -79.91   43.79640271357633   100.0
234   -79.91   43.7955033919704   100.0
235   -79.91   43.794604070364485   100.0
236   -79.91   43.793704748758564   100.0
237   -79.91   43.79280542715265   100.0
238   -79.91   43.79190610554673   100.0
239   -79.91   43.79100678394081   100.0
240   -79.91   43.790107462334895   100.0
241   -79.91   43.789208140728974   100.0
242   -79.91   43.787434011727406   100.0
243   -79.91   43.78653469012149   100.0
244   -79.91   43.78563536851557   100.0
245   -79.91   43.78473604690965   100.0
246   -79.91   43.78383672530373   100.0
247   -79.91   43.782937403697815   100.0
248   -79.91   43.782038082091894   100.0
249   -79.91   43.78113876048597   100.0
250   -79.91   43.78023943888006   100.0
251   -79.91   43.77934011727414   100.0
252   -79.91   43.778440795668224   100.0
253   -79.91   43.7775414740623   100.0
254   -79.91   43.77576734506074   100.0
255   -79.91   43.77486802345482   100.0
256   -79.91   43.77396870184891   100.0
257   -79.91   43.77306938024299   100.0
258   -79.91   43.77217005863707   100.0
259   -79.91   43.771270737031145   100.0
260   -79.91   43.77037141542523   100.0
261   -79.91   43.76947209381932   100.0
262   -79.91   43.768572772213396   100.0
263   -79.91   43.76767345060748   100.0
264   -79.91   43.766774129001554   100.0
265   -79.91   43.76587480739563   100.0
266   -79.91   43.76410067839408   100.0
267   -79.91   43.763201356788166   100.0
268   -79.91   43.762302035182245   100.0
269   -79.91   43.76140271357633   100.0
270   -79.91   43.76050339197041   100.0
271   -79.91   43.75960407036449   100.0
272   -79.91   43.758704748758575   100.0
273   -79.91   43.757805427152654   100.0
274   -79.91   43.75690610554673   100.0
275   -79.91   43.75600678394082   100.0
276   -79.91   43.7551074623349   100.0
277   -79.91   43.75420814072898   100.0
278   -79.91   43.752434011727416   100.0
279   -79.91   43.75153469012149   100.0
280   -79.91   43.750635368515574   100.0
281   -79.91   43.74973604690965   100.0
282   -79.91   43.74883672530373   100.0
283   -79.91   43.74793740369782   100.0
284   -79.91   43.7470380820919   100.0
285   -79.91   43.746138760485984   100.0
286   -79.91   43.74523943888006   100.0
287   -79.91   43.74434011727415   100.0
288   -79.91   43.74344079566822   100.0
289   -79.91   43.74254147406231   100.0
290   -79.91   43.74076734506074   100.0
291   -79.91   43.73986802345482   100.0
292   -79.91   43.738968701848904   100.0
293   -79.91   43.73806938024298   100.0
294   -79.91   43.73717005863707   100.0
295   -79.91   43.73627073703115   100.0
296   -79.91   43.73537141542523   100.0
297   -79.91   43.734472093819306   100.0
298   -79.91   43.73357277221339   100.0
299   -79.91   43.73267345060748   100.0
300   -79.91   43.73177412900155   100.0
301   -79.91   43.73087480739564   100.0
302   -79.91   43.729100678394076   100.0
303   -79.91   43.72820135678816   100.0
304   -79.91   43.72730203518224   100.0
305   -79.91   43.72640271357632   100.0
306   -79.91   43.725503391970406   100.0
307   -79.91   43.72460407036448   100.0
308   -79.91   43.723704748758564   100.0
309   -79.91   43.72280542715265   100.0
310   -79.91   43.72190610554673   100.0
311   -79.91   43.721006783940815   100.0
312   -79.91   43.72010746233489   100.0
313   -79.91   43.71920814072897   100.0
314   -79.91   43.71743401172742   100.0
315   -79.91   43.71653469012149   100.0
316   -79.91   43.71563536851558   100.0
317   -79.91   43.71473604690966   100.0
318   -79.91   43.713836725303736   100.0
319   -79.91   43.71293740369782   100.0
320   -79.91   43.71203808209191   100.0
321   -79.91   43.71113876048598   100.0
322   -79.91   43.710239438880066   100.0
323   -79.91   43.70934011727415   100.0
324   -79.91   43.70844079566823   100.0
325   -79.91   43.70754147406231   100.0
326   -79.91   43.70576734506074   100.0
327   -79.91   43.70486802345482   100.0
328   -79.91   43.70396870184891   100.0
329   -79.91   43.70306938024299   100.0
330   -79.91   43.702170058637066   100.0
331   -79.91   43.70127073703115   100.0
332   -79.91   43.70037141542523   100.0
333   -79.91   43.69947209381931   100.0
334   -79.91   43.698572772213396   100.0
335   -79.91   43.69767345060748   100.0
336   -79.91   43.69677412900156   100.0
337   -79.91   43.69587480739564   100.0
338   -79.91   43.69410067839407   100.0
339   -79.91   43.69320135678815   100.0
340   -79.91   43.69230203518224   100.0
341   -79.91   43.691402713576316   100.0
342   -79.91   43.690503391970395   100.0
343   -79.91   43.68960407036448   100.0
344   -79.91   43.68870474875856   100.0
345   -79.91   43.68780542715264   100.0
346   -79.91   43.686906105546726   100.0
347   -79.91   43.68600678394081   100.0
348   -79.91   43.685107462334884   100.0
349   -79.91   43.68420814072896   100.0
350   -79.91   43.68243401172741   100.0
351   -79.91   43.681534690121495   100.0
352   -79.91   43.680635368515574   100.0
353   -79.91   43.67973604690965   100.0
354   -79.91   43.67883672530374   100.0
355   -79.91   43.67793740369781   100.0
356   -79.91   43.6770380820919   100.0
357   -79.91   43.67613876048598   100.0
358   -79.91   43.67523943888006   100.0
359   -79.91   43.67434011727415   100.0
360   -79.91   43.67344079566823   100.0
361   -79.91   43.6725414740623   100.0
362   -79.91   43.670767345060746   100.0
363   -79.91   43.669868023454825   100.0
364   -79.91   43.66896870184891   100.0
365   -79.91   43.66806938024299   100.0
366   -79.91   43.66717005863707   100.0
367   -79.91   43.666270737031155   100.0
368   -79.91   43.66537141542524   100.0
369   -79.91   43.66447209381932   100.0
370   -79.91   43.6635727722134   100.0
371   -79.91   43.66267345060748   100.0
372   -79.91   43.66177412900156   100.0
373   -79.91   43.66087480739564   100.0
374   -79.91   43.65910067839408   100.0
375   -79.91   43.65820135678816   100.0
376   -79.91   43.65730203518224   100.0
377   -79.91   43.65640271357632   100.0
378   -79.91   43.6555033919704   100.0
379   -79.91   43.654604070364485   100.0
380   -79.91   43.653704748758564   100.0
381   -79.91   43.65280542715264   100.0
382   -79.91   43.65190610554673   100.0
383   -79.91   43.65100678394081   100.0
384   -79.91   43.650107462334894   100.0
385   -79.91   43.64920814072897   100.0
386   -79.91   43.647434011727405   100.0
387   -79.91   43.646534690121484   100.0
388   -79.91   43.64563536851557   100.0
389   -79.91   43.64473604690965   100.0
390   -79.91   43.64383672530373   100.0
391   -79.91   43.642937403697815   100.0
392   -79.91   43.642038082091894   100.0
393   -79.91   43.64113876048597   100.0
394   -79.91   43.64023943888006   100.0
395   -79.91   43.639340117274145   100.0
396   -79.91   43.638440795668224   100.0
397   -79.91   43.6375414740623   100.0
398   -79.91   43.63576734506074   100.0
399   -79.91   43.63486802345482   100.0
400   -79.91   43.633968701848914   100.0
401   -79.91   43.633069380242986   100.0
402   -79.91   43.63217005863707   100.0
403   -79.91   43.631270737031144   100.0
404   -79.91   43.63037141542523   100.0
405   -79.91   43.62947209381932   100.0
406   -79.91   43.628572772213396   100.0
407   -79.91   43.627673450607475   100.0
408   -79.91   43.626774129001554   100.0
409   -79.91   43.62587480739564   100.0
410   -79.91   43.624100678394086   100.0
411   -79.91   43.62320135678816   100.0
412   -79.91   43.622302035182244   100.0
413   -79.91   43.62140271357633   100.0
414   -79.91   43.6205033919704   100.0
415   -79.91   43.61960407036449   100.0
416   -79.91   43.618704748758574   100.0
417   -79.91   43.61780542715265   100.0
418   -79.91   43.61690610554673   100.0
419   -79.91   43.61600678394081   100.0
420   -79.91   43.6151074623349   100.0
421   -79.91   43.614208140728984   100.0
422   -79.91   43.61243401172741   100.0
423   -79.91   43.611534690121495   100.0
424   -79.91   43.610635368515574   100.0
425   -79.91   43.60973604690965   100.0
426   -79.91   43.60883672530373   100.0
427   -79.91   43.60793740369782   100.0
428   -79.91   43.6070380820919   100.0
429   -79.91   43.60613876048598   100.0
430   -79.91   43.60523943888006   100.0
431   -79.91   43.60434011727414   100.0
432   -79.91   43.60344079566822   100.0
433   -79.91   43.602541474062306   100.0
434   -79.91   43.60076734506074   100.0
435   -79.91   43.59986802345482   100.0
436   -79.91   43.598968701848904   100.0
437   -79.91   43.59806938024298   100.0
438   -79.91   43.59717005863706   100.0
439   -79.91   43.59627073703115   100.0
440   -79.91   43.59537141542522   100.0
441   -79.91   43.594472093819306   100.0
442   -79.91   43.59357277221339   100.0
443   -79.91   43.59267345060748   100.0
444   -79.91   43.59177412900155   100.0
445   -79.91   43.590874807395636   100.0
446   -79.91   43.58910067839408   100.0
447   -79.91   43.588201356788154   100.0
448   -79.91   43.58730203518224   100.0
449   -79.91   43.58640271357632   100.0
450   -79.91   43.585503391970406   100.0
451   -79.91   43.58460407036448   100.0
452   -79.91   43.583704748758564   100.0
453   -79.91   43.58280542715265   100.0
454   -79.91   43.58190610554673   100.0
455   -79.91   43.58100678394081   100.0
456   -79.91   43.58010746233489   100.0
457   -79.91   43.57920814072897   100.0
458   -79.91072827221099   43.57760506112234   100.0
459   -79.91145654442198   43.57687678891135   100.0
460   -79.91218481663297   43.57614851670036   100.0
461   -79.91291308884396   43.575420244489365   100.0
462   -79.91364136105496   43.57469197227837   100.0
463   -79.91436963326595   43.57396370006738   100.0
464   -79.91509790547694   43.57323542785639   100.0
465   -79.91582617768793   43.5725071556454   100.0
466   -79.91655444989892   43.571778883434405   100.0
467   -79.91728272210992   43.57105061122341   100.0
468   -79.91801099432091   43.57032233901242   100.0
469   -79.9187392665319   43.56959406680143   100.0
470   -79.91946753874291   43.56886579459044   100.0
471   -79.92019581095389   43.56813752237944   100.0
472   -79.92092408316486   43.56740925016845   100.0
473   -79.92165235537587   43.56668097795746   100.0
474   -79.92239489031996   43.56593844301337   100.0
475   -79.92312311397326   43.56521021936007   100.0
476   -79.92385133762654   43.56448199570678   100.0
477   -79.92457956127986   43.56375377205349   100.0
478   -79.92530778493314   43.56302554840019   100.0
479   -79.92603600858644   43.56229732474689   100.0
480   -79.92676423223973   43.561569101093596   100.0
481   -79.92749245589303   43.5608408774403   100.0
482   -79.92822067954633   43.56011265378701   100.0
483   -79.92894890319961   43.55938443013371   100.0
484   -79.92967712685291   43.558656206480414   100.0
485   -79.93040535050622   43.557927982827124   100.0
486   -79.9311335741595   43.55719975917383   100.0
487   -79.9318617978128   43.55647153552053   100.0
488   -79.93259002146608   43.55574331186723   100.0
489   -79.9333182451194   43.55501508821394   100.0
490   -79.93406150843964   43.55427182489369   100.0
491   -79.93478968354594   43.55354364978738   100.0
492   -79.93551785865225   43.55281547468108   100.0
493   -79.93624603375855   43.55208729957478   100.0
494   -79.93697420886485   43.551359124468476   100.0
495   -79.93770238397116   43.55063094936217   100.0
496   -79.93843055907746   43.54990277425587   100.0
497   -79.93915873418378   43.549174599149566   100.0
498   -79.93988690929007   43.54844642404326   100.0
499   -79.94061508439637   43.54771824893696   100.0
500   -79.94134325950267   43.54699007383065   100.0
501   -79.94207143460899   43.54626189872435   100.0
502   -79.94279960971528   43.54553372361805   100.0
503   -79.94352778482158   43.54480554851175   100.0
504   -79.9442559599279   43.54407737340544   100.0
505   -79.9449841350342   43.54334919829913   100.0
506   -79.94572812657003   43.54260520676331   100.0
507   -79.94645625314006   43.54187708019328   100.0
508   -79.94718437971007   43.541148953623264   100.0
509   -79.9479125062801   43.54042082705325   100.0
510   -79.94864063285011   43.53969270048322   100.0
511   -79.94936875942014   43.5389645739132   100.0
512   -79.95009688599018   43.53823644734318   100.0
513   -79.95082501256019   43.537508320773156   100.0
514   -79.95155313913021   43.53678019420313   100.0
515   -79.95228126570024   43.53605206763311   100.0
516   -79.95300939227025   43.53532394106309   100.0
517   -79.95373751884027   43.534595814493066   100.0
518   -79.9544656454103   43.53386768792305   100.0
519   -79.95519377198032   43.533139561353025   100.0
520   -79.95592189855033   43.532411434783   100.0
521   -79.95665002512037   43.53168330821298   100.0
522   -79.95739474471114   43.53093858862221   100.0
523   -79.9581228227556   43.53021051057776   100.0
524   -79.95885090080004   43.52948243253331   100.0
525   -79.95957897884449   43.528754354488846   100.0
526   -79.96030705688895   43.52802627644439   100.0
527   -79.9610351349334   43.52729819839994   100.0
528   -79.96176321297784   43.52657012035549   100.0
529   -79.9624912910223   43.525842042311034   100.0
530   -79.96321936906676   43.52511396426657   100.0
531   -79.96394744711122   43.52438588622213   100.0
532   -79.96467552515567   43.523657808177674   100.0
533   -79.96540360320012   43.522929730133214   100.0
534   -79.96613168124458   43.52220165208876   100.0
535   -79.96685975928904   43.5214735740443   100.0
536   -79.96758783733348   43.52074549599985   100.0
537   -79.96831591537793   43.520017417955394   100.0
538   -79.96833333333333   43.51910067839408   100.0
539   -79.96833333333333   43.51820135678816   100.0
540   -79.96833333333333   43.51730203518224   100.0
541   -79.96833333333333   43.51640271357632   100.0
542   -79.96833333333333   43.5155033919704   100.0
543   -79.96833333333333   43.514604070364484   100.0
544   -79.96833333333333   43.51370474875856   100.0
545   -79.96833333333333   43.51280542715265   100.0
546   -79.96833333333333   43.51190610554673   100.0
547   -79.96833333333333   43.511006783940815   100.0
548   -79.96833333333333   43.510107462334894   100.0
549   -79.96833333333333   43.50920814072898   100.0
550   -79.96833333333333   43.50743401172741   100.0
551   -79.96833333333332   43.506534690121484   100.0
552   -79.96833333333333   43.50563536851557   100.0
553   -79.96833333333333   43.50473604690965   100.0
554   -79.96833333333333   43.50383672530373   100.0
555   -79.96833333333333   43.502937403697814   100.0
556   -79.96833333333333   43.50203808209189   100.0
557   -79.96833333333333   43.50113876048597   100.0
558   -79.96833333333333   43.50023943888006   100.0
559   -79.96833333333333   43.49934011727414   100.0
560   -79.96833333333333   43.498440795668216   100.0
561   -79.96833333333333   43.4975414740623   100.0
562   -79.96833333333333   43.49576734506074   100.0
563   -79.96833333333332   43.49486802345483   100.0
564   -79.96833333333333   43.493968701848914   100.0
565   -79.96833333333333   43.493069380242986   100.0
566   -79.96833333333333   43.49217005863707   100.0
567   -79.96833333333333   43.491270737031144   100.0
568   -79.96833333333333   43.49037141542523   100.0
569   -79.96833333333333   43.489472093819316   100.0
570   -79.96833333333333   43.488572772213395   100.0
571   -79.96833333333333   43.48767345060748   100.0
572   -79.96833333333333   43.48677412900156   100.0
573   -79.96833333333333   43.48587480739564   100.0
574   -79.96833333333333   43.48410067839408   100.0
575   -79.96833333333333   43.483201356788165   100.0
576   -79.96833333333333   43.482302035182244   100.0
577   -79.96833333333333   43.48140271357632   100.0
578   -79.96833333333333   43.4805033919704   100.0
579   -79.96833333333333   43.47960407036449   100.0
580   -79.96833333333333   43.478704748758574   100.0
581   -79.96833333333333   43.477805427152646   100.0
582   -79.96833333333333   43.47690610554673   100.0
583   -79.96833333333333   43.47600678394081   100.0
584   -79.96833333333333   43.4751074623349   100.0
585   -79.96833333333333   43.474208140728976   100.0
586   -79.96833333333333   43.47243401172741   100.0
587   -79.96833333333333   43.47153469012149   100.0
588   -79.96833333333333   43.47063536851557   100.0
589   -79.96833333333333   43.46973604690966   100.0
590   -79.96833333333333   43.46883672530373   100.0
591   -79.96833333333333   43.46793740369782   100.0
592   -79.96833333333333   43.4670380820919   100.0
593   -79.96833333333333   43.46613876048598   100.0
594   -79.96833333333333   43.46523943888006   100.0
595   -79.96833333333333   43.46434011727414   100.0
596   -79.96833333333333   43.46344079566822   100.0
597   -79.96833333333333   43.462541474062306   100.0
598   -79.96833333333333   43.460767345060745   100.0
599   -79.96833333333332   43.45986802345482   100.0
600   -79.96833333333333   43.4589687018489   100.0
601   -79.96833333333333   43.45806938024299   100.0
602   -79.96833333333333   43.45717005863707   100.0
603   -79.96833333333333   43.45627073703115   100.0
604   -79.96833333333333   43.45537141542522   100.0
605   -79.96833333333333   43.454472093819305   100.0
606   -79.96833333333333   43.45357277221339   100.0
607   -79.96833333333333   43.45267345060748   100.0
608   -79.96833333333333   43.451774129001556   100.0
609   -79.96833333333333   43.45087480739563   100.0
610   -79.96833333333333   43.449100678394075   100.0
611   -79.96833333333332   43.448201356788154   100.0
612   -79.96833333333333   43.44730203518224   100.0
613   -79.96833333333333   43.44640271357632   100.0
614   -79.96833333333333   43.445503391970405   100.0
615   -79.96833333333333   43.44460407036448   100.0
616   -79.96833333333333   43.44370474875856   100.0
617   -79.96833333333333   43.44280542715265   100.0
618   -79.96833333333333   43.44190610554673   100.0
619   -79.96833333333333   43.441006783940814   100.0
620   -79.96833333333333   43.440107462334886   100.0
621   -79.96833333333333   43.439208140728965   100.0
622   -79.96833333333333   43.43743401172741   100.0
623   -79.96833333333333   43.4365346901215   100.0
624   -79.96833333333333   43.43563536851558   100.0
625   -79.96833333333333   43.434736046909656   100.0
626   -79.96833333333333   43.433836725303735   100.0
627   -79.96833333333333   43.43293740369782   100.0
628   -79.96833333333333   43.43203808209191   100.0
629   -79.96833333333333   43.431138760485986   100.0
630   -79.96833333333333   43.430239438880065   100.0
631   -79.96833333333333   43.429340117274144   100.0
632   -79.96833333333333   43.42844079566823   100.0
633   -79.96833333333333   43.42754147406231   100.0
634   -79.96760569153616   43.42593902486951   100.0
635   -79.96687804973902   43.42521138307235   100.0
636   -79.96615040794185   43.42448374127518   100.0
637   -79.9654227661447   43.42375609947803   100.0
638   -79.96469512434754   43.423028457680864   100.0
639   -79.96396748255039   43.42230081588371   100.0
640   -79.96323984075323   43.42157317408655   100.0
641   -79.96251219895606   43.42084553228939   100.0
642   -79.96178455715891   43.42011789049222   100.0
643   -79.96105691536175   43.419390248695066   100.0
644   -79.96032927356458   43.41866260689791   100.0
645   -79.95960163176744   43.417934965100756   100.0
646   -79.95887398997027   43.41720732330359   100.0
647   -79.95814634817312   43.41647968150644   100.0
648   -79.95741870637596   43.41575203970927   100.0
649   -79.9566910645788   43.41502439791211   100.0
650   -79.95666666666668   43.41410067839407   100.0
651   -79.95666666666668   43.41320135678815   100.0
652   -79.95666666666668   43.412302035182236   100.0
653   -79.95666666666668   43.41140271357632   100.0
654   -79.95666666666668   43.410503391970394   100.0
655   -79.95666666666668   43.40960407036448   100.0
656   -79.95666666666668   43.40870474875856   100.0
657   -79.95666666666668   43.40780542715264   100.0
658   -79.95666666666668   43.406906105546724   100.0
659   -79.95666666666668   43.40600678394081   100.0
660   -79.95666666666668   43.40510746233488   100.0
661   -79.95666666666668   43.40420814072897   100.0
662   -79.95593912169517   43.402605788361804   100.0
663   -79.95521157672363   43.401878243390286   100.0
664   -79.95448403175212   43.40115069841877   100.0
665   -79.95375648678059   43.40042315344725   100.0
666   -79.95302894180907   43.399695608475724   100.0
667   -79.95230139683754   43.3989680635042   100.0
668   -79.95157385186602   43.39824051853268   100.0
669   -79.9508463068945   43.397512973561156   100.0
670   -79.95011876192298   43.39678542858964   100.0
671   -79.94939121695145   43.39605788361811   100.0
672   -79.94866367197994   43.395330338646595   100.0
673   -79.94793612700842   43.39460279367508   100.0
674   -79.9472085820369   43.39387524870355   100.0
675   -79.94648103706538   43.39314770373204   100.0
676   -79.94575349209384   43.39242015876051   100.0
677   -79.94502594712233   43.39169261378899   100.0
678   -79.94427250342517   43.39093917009182   100.0
679   -79.94354500685031   43.39021167351697   100.0
680   -79.94281751027546   43.38948417694212   100.0
681   -79.94209001370062   43.38875668036728   100.0
682   -79.94136251712578   43.38802918379243   100.0
683   -79.94063502055093   43.38730168721759   100.0
684   -79.93990752397607   43.38657419064275   100.0
685   -79.93918002740122   43.385846694067894   100.0
686   -79.9384525308264   43.38511919749305   100.0
687   -79.93772503425154   43.3843917009182   100.0
688   -79.93699753767669   43.383664204343354   100.0
689   -79.93627004110185   43.3829367077685   100.0
690   -79.93554254452701   43.38220921119366   100.0
691   -79.93481504795216   43.381481714618815   100.0
692   -79.93408755137732   43.38075421804397   100.0
693   -79.93336005480246   43.380026721469115   100.0
694   -79.9326058851444   43.379272551811056   100.0
695   -79.93187843695546   43.378545103622116   100.0
696   -79.93115098876652   43.37781765543318   100.0
697   -79.93042354057758   43.37709020724423   100.0
698   -79.92969609238864   43.3763627590553   100.0
699   -79.9289686441997   43.37563531086636   100.0
700   -79.92824119601076   43.37490786267742   100.0
701   -79.92751374782182   43.37418041448848   100.0
702   -79.92678629963288   43.37345296629954   100.0
703   -79.92605885144394   43.3727255181106   100.0
704   -79.925331403255   43.37199806992165   100.0
705   -79.92460395506606   43.37127062173272   100.0
706   -79.92387650687712   43.37054317354378   100.0
707   -79.92314905868818   43.36981572535484   100.0
708   -79.92242161049924   43.3690882771659   100.0
709   -79.92169416231029   43.368360828976954   100.0
710   -79.92042955781291   43.368333333333325   100.0
711   -79.91919244895915   43.368333333333325   100.0
712   -79.9179553401054   43.368333333333325   100.0
713   -79.91671823125164   43.368333333333325   100.0
714   -79.91548112239789   43.368333333333325   100.0
715   -79.91424401354413   43.368333333333325   100.0
716   -79.91300690469038   43.368333333333325   100.0
717   -79.91176979583662   43.368333333333325   100.0
718   -79.91053268698288   43.368333333333325   100.0
719   -79.90876289114625   43.368333333333325   100.0
720   -79.90752578229248   43.368333333333325   100.0
721   -79.90628867343874   43.368333333333325   100.0
722   -79.90505156458498   43.368333333333325   100.0
723   -79.90381445573122   43.368333333333325   100.0
724   -79.90257734687746   43.368333333333325   100.0
725   -79.9013402380237   43.36833333333332   100.0
726   -79.90010312916996   43.368333333333325   100.0
727   -79.89886602031619   43.368333333333325   100.0
728   -79.89760593351953   43.36760593351952   100.0
729   -79.89687853370573   43.366878533705716   100.0
730   -79.89615113389193   43.36615113389191   100.0
731   -79.89542373407811   43.36542373407811   100.0
732   -79.89469633426431   43.364696334264295   100.0
733   -79.89396893445051   43.3639689344505   100.0
734   -79.8932415346367   43.363241534636686   100.0
735   -79.89251413482289   43.36251413482288   100.0
736   -79.89178673500908   43.361786735009076   100.0
737   -79.89105933519528   43.36105933519527   100.0
738   -79.89033193538148   43.36033193538147   100.0
739   -79.88960453556768   43.35960453556766   100.0
740   -79.88887713575386   43.35887713575385   100.0
741   -79.88814973594006   43.358149735940046   100.0
742   -79.88742233612626   43.35742233612625   100.0
743   -79.88669493631244   43.35669493631244   100.0
744   -79.88542979569006   43.35666666666666   100.0
745   -79.88419292471345   43.356666666666655   100.0
746   -79.88295605373683   43.35666666666666   100.0
747   -79.88171918276024   43.356666666666655   100.0
748   -79.88048231178362   43.35666666666667   100.0
749   -79.87924544080701   43.35666666666666   100.0
750   -79.8780085698304   43.35666666666666   100.0
751   -79.87677169885379   43.35666666666666   100.0
752   -79.87553482787719   43.35666666666666   100.0
753   -79.87376312902339   43.35666666666666   100.0
754   -79.87252625804679   43.35666666666667   100.0
755   -79.87128938707018   43.35666666666667   100.0
756   -79.87005251609358   43.35666666666667   100.0
757   -79.86881564511695   43.356666666666655   100.0
758   -79.86757877414036   43.35666666666666   100.0
759   -79.86634190316374   43.35666666666666   100.0
760   -79.86510503218713   43.35666666666667   100.0
761   -79.86386816121053   43.35666666666666   100.0
762   -79.86209646235673   43.35666666666666   100.0
763   -79.86085959138012   43.356666666666655   100.0
764   -79.85962272040351   43.35666666666666   100.0
765   -79.8583858494269   43.356666666666655   100.0
766   -79.85714897845031   43.35666666666667   100.0
767   -79.85591210747369   43.35666666666666   100.0
768   -79.85467523649707   43.35666666666666   100.0
769   -79.85343836552047   43.35666666666666   100.0
770   -79.85220149454386   43.35666666666666   100.0
771   -79.85042979569006   43.35666666666666   100.0
772   -79.84919292471346   43.356666666666655   100.0
773   -79.84795605373684   43.35666666666666   100.0
774   -79.84671918276024   43.356666666666655   100.0
775   -79.84548231178364   43.35666666666667   100.0
776   -79.84424544080701   43.35666666666666   100.0
777   -79.8430085698304   43.35666666666666   100.0
778   -79.8417716988538   43.35666666666666   100.0
779   -79.84053482787719   43.35666666666666   100.0
780   -79.83876312902339   43.35666666666666   100.0
781   -79.83752625804678   43.356666666666655   100.0
782   -79.83628938707017   43.35666666666666   100.0
783   -79.83505251609355   43.356666666666655   100.0
784   -79.83381564511697   43.35666666666667   100.0
785   -79.83257877414034   43.35666666666666   100.0
786   -79.83134190316373   43.35666666666666   100.0
787   -79.83010503218713   43.35666666666666   100.0
788   -79.82886816121052   43.35666666666666   100.0
789   -79.82709646235672   43.35666666666666   100.0
790   -79.82585959138012   43.356666666666655   100.0
791   -79.8246227204035   43.35666666666666   100.0
792   -79.8233858494269   43.356666666666655   100.0
793   -79.82214897845029   43.35666666666667   100.0
794   -79.82091210747367   43.35666666666666   100.0
795   -79.81967523649708   43.35666666666666   100.0
796   -79.81843836552046   43.35666666666666   100.0
797   -79.81720149454385   43.35666666666666   100.0
798   -79.81542979569005   43.35666666666666   100.0
799   -79.81419292471345   43.35666666666667   100.0
800   -79.81295605373684   43.35666666666667   100.0
801   -79.81171918276024   43.35666666666667   100.0
802   -79.81048231178362   43.356666666666655   100.0
803   -79.80924544080702   43.35666666666666   100.0
804   -79.8080085698304   43.35666666666666   100.0
805   -79.8067716988538   43.35666666666667   100.0
806   -79.8055348278772   43.35666666666666   100.0
807   -79.8042726001862   43.35739406648047   100.0
808   -79.8035452003724   43.35812146629428   100.0
809   -79.80281780055859   43.358848866108076   100.0
810   -79.80209040074479   43.35957626592188   100.0
811   -79.80136300093096   43.360303665735685   100.0
812   -79.80063560111718   43.3610310655495   100.0
813   -79.79990820130337   43.3617584653633   100.0
814   -79.79918080148956   43.362485865177106   100.0
815   -79.79845340167574   43.363213264990904   100.0
816   -79.79772600186195   43.363940664804716   100.0
817   -79.79699860204815   43.36466806461852   100.0
818   -79.79627120223434   43.365395464432325   100.0
819   -79.79554380242053   43.36612286424614   100.0
820   -79.79481640260671   43.36685026405994   100.0
821   -79.79408900279293   43.36757766387374   100.0
822   -79.79336160297912   43.36830506368755   100.0
823   -79.79209622447958   43.368333333333325   100.0
824   -79.79085911562582   43.368333333333325   100.0
825   -79.78962200677206   43.368333333333325   100.0
826   -79.78838489791832   43.368333333333325   100.0
827   -79.78714778906456   43.368333333333325   100.0
828   -79.7859106802108   43.368333333333325   100.0
829   -79.78467357135705   43.368333333333325   100.0
830   -79.78343646250329   43.368333333333325   100.0
831   -79.78219935364953   43.368333333333325   100.0
832   -79.78093921847773   43.369060781522265   100.0
833   -79.78021177028879   43.369788229711205   100.0
834   -79.77948432209985   43.370515677900144   100.0
835   -79.77875687391091   43.371243126089084   100.0
836   -79.77802942572197   43.37197057427802   100.0
837   -79.77730197753303   43.37269802246696   100.0
838   -79.77657452934409   43.3734254706559   100.0
839   -79.77584708115515   43.37415291884484   100.0
840   -79.77511963296621   43.37488036703379   100.0
841   -79.77439218477727   43.37560781522272   100.0
842   -79.77366473658833   43.37633526341167   100.0
843   -79.77293728839939   43.37706271160061   100.0
844   -79.77220984021045   43.37779015978954   100.0
845   -79.77148239202151   43.37851760797849   100.0
846   -79.77075494383259   43.379245056167434   100.0
847   -79.77002749564365   43.37997250435637   100.0
848   -79.76927250342516   43.38072749657484   100.0
849   -79.76854500685033   43.38145499314969   100.0
850   -79.76781751027546   43.38218248972453   100.0
851   -79.76709001370062   43.38290998629938   100.0
852   -79.76636251712577   43.38363748287423   100.0
853   -79.76563502055093   43.384364979449074   100.0
854   -79.76490752397609   43.38509247602393   100.0
855   -79.76418002740124   43.38581997259877   100.0
856   -79.76345253082638   43.386547469173614   100.0
857   -79.76272503425155   43.38727496574846   100.0
858   -79.7619975376767   43.38800246232331   100.0
859   -79.76127004110185   43.388729958898146   100.0
860   -79.76054254452701   43.389457455473   100.0
861   -79.75981504795216   43.390184952047846   100.0
862   -79.75908755137732   43.39091244862269   100.0
863   -79.75836005480247   43.39163994519753   100.0
864   -79.75760578836181   43.39239421163819   100.0
865   -79.75687824339029   43.39312175660971   100.0
866   -79.75615069841878   43.39384930158123   100.0
867   -79.75542315344725   43.39457684655275   100.0
868   -79.75469560847574   43.39530439152427   100.0
869   -79.75396806350422   43.39603193649579   100.0
870   -79.75324051853269   43.39675948146731   100.0
871   -79.75251297356117   43.39748702643883   100.0
872   -79.75178542858964   43.39821457141035   100.0
873   -79.75105788361812   43.398942116381875   100.0
874   -79.75033033864659   43.3996696613534   100.0
875   -79.74960279367508   43.400397206324925   100.0
876   -79.74887524870357   43.40112475129644   100.0
877   -79.74814770373204   43.40185229626797   100.0
878   -79.7474201587605   43.40257984123948   100.0
879   -79.746692613789   43.403307386211004   100.0
880   -79.74593907328772   43.40406092671228   100.0
881   -79.74521147990875   43.40478852009125   100.0
882   -79.74448388652979   43.405516113470206   100.0
883   -79.74375629315082   43.406243706849175   100.0
884   -79.74302869977187   43.40697130022813   100.0
885   -79.7423011063929   43.40769889360709   100.0
886   -79.74157351301395   43.408426486986045   100.0
887   -79.74084591963498   43.40915408036501   100.0
888   -79.74011832625602   43.40988167374397   100.0
889   -79.73939073287707   43.41060926712293   100.0
890   -79.7386631394981   43.41133686050189   100.0
891   -79.73793554611915   43.41206445388085   100.0
892   -79.73720795274018   43.412792047259806   100.0
893   -79.73648035936122   43.413519640638775   100.0
894   -79.73575276598226   43.41424723401773   100.0
895   -79.7350251726033   43.41497482739669   100.0
896   -79.73427235820284   43.415727641797154   100.0
897   -79.73354471640567   43.41645528359431   100.0
898   -79.73281707460852   43.41718292539147   100.0
899   -79.73208943281136   43.41791056718863   100.0
900   -79.7313617910142   43.41863820898578   100.0
901   -79.73063414921705   43.419365850782945   100.0
902   -79.72990650741988   43.42009349258011   100.0
903   -79.72917886562273   43.42082113437726   100.0
904   -79.72845122382557   43.42154877617442   100.0
905   -79.7277235820284   43.42227641797158   100.0
906   -79.72699594023126   43.42300405976874   100.0
907   -79.72626829843409   43.4237317015659   100.0
908   -79.72554065663694   43.42445934336306   100.0
909   -79.72481301483978   43.42518698516022   100.0
910   -79.72408537304261   43.42591462695738   100.0
911   -79.72335773124546   43.426642268754534   100.0
912   -79.72260564310722   43.427394356892776   100.0
913   -79.7218779528811   43.42812204711889   100.0
914   -79.721150262655   43.428849737345004   100.0
915   -79.72042257242887   43.42957742757112   100.0
916   -79.71969488220276   43.43030511779723   100.0
917   -79.71896719197666   43.431032808023346   100.0
918   -79.71823950175053   43.43176049824946   100.0
919   -79.71751181152443   43.432488188475574   100.0
920   -79.7167841212983   43.43321587870169   100.0
921   -79.71605643107219   43.4339435689278   100.0
922   -79.71532874084609   43.434671259153916   100.0
923   -79.71460105061999   43.43539894938003   100.0
924   -79.71387336039388   43.436126639606144   100.0
925   -79.71314567016775   43.43685432983226   100.0
926   -79.71241797994165   43.43758202005837   100.0
927   -79.71169028971552   43.43830971028448   100.0
928   -79.71093892800086   43.43906107199915   100.0
929   -79.71021118933503   43.43978881066497   100.0
930   -79.70948345066921   43.440516549330795   100.0
931   -79.7087557120034   43.44124428799661   100.0
932   -79.70802797333758   43.441972026662434   100.0
933   -79.70730023467175   43.44269976532825   100.0
934   -79.70657249600595   43.443427503994066   100.0
935   -79.70584475734012   43.44415524265989   100.0
936   -79.70511701867429   43.444882981325705   100.0
937   -79.70438928000848   43.44561071999152   100.0
938   -79.70366154134265   43.446338458657344   100.0
939   -79.70293380267684   43.44706619732317   100.0
940   -79.70220606401102   43.44779393598898   100.0
941   -79.7014783253452   43.4485216746548   100.0
942   -79.70075058667938   43.44924941332062   100.0
943   -79.70002284801356   43.449977151986445   100.0
944   -79.69927221288373   43.45072778711627   100.0
945   -79.69854442576745   43.45145557423254   100.0
946   -79.69781663865118   43.452183361348816   100.0
947   -79.69708885153491   43.45291114846509   100.0
948   -79.69636106441864   43.45363893558136   100.0
949   -79.69563327730236   43.45436672269763   100.0
950   -79.6949054901861   43.455094509813904   100.0
951   -79.69417770306981   43.45582229693018   100.0
952   -79.69344991595355   43.456550084046455   100.0
953   -79.69272212883727   43.457277871162724   100.0
954   -79.691994341721   43.45800565827899   100.0
955   -79.69126655460472   43.45873344539527   100.0
956   -79.69053876748846   43.459461232511536   100.0
957   -79.68981098037219   43.46018901962781   100.0
958   -79.68908319325591   43.46091680674409   100.0
959   -79.68835540613964   43.461644593860356   100.0
960   -79.68760549775587   43.46239450224413   100.0
961   -79.68687766217839   43.463122337821595   100.0
962   -79.68614982660092   43.46385017339907   100.0
963   -79.68542199102346   43.46457800897653   100.0
964   -79.68469415544598   43.46530584455401   100.0
965   -79.68396631986852   43.466033680131474   100.0
966   -79.68323848429105   43.466761515708946   100.0
967   -79.68251064871359   43.46748935128642   100.0
968   -79.68178281313612   43.46821718686388   100.0
969   -79.68105497755865   43.46894502244136   100.0
970   -79.68032714198117   43.469672858018825   100.0
971   -79.6795993064037   43.4704006935963   100.0
972   -79.67887147082624   43.47112852917377   100.0
973   -79.67814363524877   43.47185636475124   100.0
974   -79.67741579967131   43.472584200328704   100.0
975   -79.67668796409384   43.473312035906176   100.0
976   -79.67542741047906   43.47333333333333   100.0
977   -79.67418815429144   43.47333333333333   100.0
978   -79.67294889810381   43.47333333333333   100.0
979   -79.67170964191621   43.47333333333333   100.0
980   -79.67047038572858   43.47333333333333   100.0
981   -79.66923112954096   43.47333333333333   100.0
982   -79.66799187335334   43.47333333333333   100.0
983   -79.66675261716573   43.47333333333333   100.0
984   -79.66551336097811   43.47333333333333   100.0
985   -79.6642721159506   43.47406121738273   100.0
986   -79.66354423190118   43.47478910143214   100.0
987   -79.66281634785179   43.47551698548154   100.0
988   -79.66208846380239   43.47624486953096   100.0
989   -79.661360579753   43.476972753580355   100.0
990   -79.66063269570358   43.47770063762976   100.0
991   -79.65990481165417   43.47842852167916   100.0
992   -79.65917692760476   43.479156405728574   100.0
993   -79.65844904355535   43.47988428977797   100.0
994   -79.65772115950597   43.48061217382738   100.0
995   -79.65699327545656   43.481340057876785   100.0
996   -79.65626539140715   43.48206794192619   100.0
997   -79.65553750735774   43.48279582597559   100.0
998   -79.65480962330832   43.483523710025   100.0
999   -79.65408173925894   43.4842515940744   100.0
1000   -79.65335385520953   43.48497947812381   100.0
1001   -79.65209383783568   43.485   100.0
1002   -79.65085434233802   43.485   100.0
1003   -79.64961484684036   43.485   100.0
1004   -79.64837535134271   43.485   100.0
1005   -79.64713585584505   43.485   100.0
1006   -79.6458963603474   43.485   100.0
1007   -79.64465686484974   43.485   100.0
1008   -79.6434173693521   43.485   100.0
1009   -79.64217787385442   43.485   100.0
1010   -79.64042717116901   43.485   100.0
1011   -79.63918767567135   43.485   100.0
1012   -79.6379481801737   43.485   100.0
1013   -79.63670868467605   43.485   100.0
1014   -79.63546918917838   43.485   100.0
1015   -79.63422969368072   43.485   100.0
1016   -79.63299019818307   43.485   100.0
1017   -79.63175070268542   43.485   100.0
1018   -79.63051120718775   43.485   100.0
1019   -79.62927206746792   43.48572793253208   100.0
1020   -79.62854413493585   43.48645586506415   100.0
1021   -79.62781620240376   43.48718379759623   100.0
1022   -79.6270882698717   43.4879117301283   100.0
1023   -79.62636033733962   43.488639662660376   100.0
1024   -79.62563240480755   43.489367595192455   100.0
1025   -79.62490447227547   43.490095527724534   100.0
1026   -79.62417653974339   43.49082346025661   100.0
1027   -79.62344860721132   43.49155139278868   100.0
1028   -79.62272067467924   43.49227932532075   100.0
1029   -79.62199274214717   43.49300725785283   100.0
1030   -79.6212648096151   43.49373519038491   100.0
1031   -79.62053687708301   43.49446312291698   100.0
1032   -79.61980894455095   43.49519105544906   100.0
1033   -79.61908101201887   43.495918987981135   100.0
1034   -79.61835307948678   43.49664692051321   100.0
1035   -79.61760535230788   43.49739464769214   100.0
1036   -79.61687737128238   43.49812262871761   100.0
1037   -79.61614939025691   43.498850609743094   100.0
1038   -79.61542140923143   43.49957859076857   100.0
1039   -79.61469342820595   43.50030657179404   100.0
1040   -79.61396544718048   43.50103455281952   100.0
1041   -79.613237466155   43.501762533845   100.0
1042   -79.61250948512952   43.50249051487047   100.0
1043   -79.61178150410404   43.50321849589595   100.0
1044   -79.61105352307857   43.50394647692143   100.0
1045   -79.6103255420531   43.504674457946905   100.0
1046   -79.60959756102761   43.50540243897238   100.0
1047   -79.60886958000215   43.50613041999786   100.0
1048   -79.60814159897667   43.50685840102334   100.0
1049   -79.60741361795118   43.507586382048814   100.0
1050   -79.6066856369257   43.50831436307429   100.0
1051   -79.60593863713706   43.50906136286293   100.0
1052   -79.60521060760746   43.509789392392534   100.0
1053   -79.60448257807785   43.51051742192214   100.0
1054   -79.60375454854825   43.51124545145174   100.0
1055   -79.60302651901864   43.51197348098135   100.0
1056   -79.60229848948904   43.51270151051095   100.0
1057   -79.60157045995945   43.513429540040555   100.0
1058   -79.60084243042984   43.51415756957016   100.0
1059   -79.60011440090022   43.51488559909976   100.0
1060   -79.59938637137063   43.51561362862937   100.0
1061   -79.59865834184103   43.51634165815897   100.0
1062   -79.59793031231142   43.517069687688576   100.0
1063   -79.59720228278181   43.51779771721818   100.0
1064   -79.59647425325221   43.518525746747784   100.0
1065   -79.5957462237226   43.51925377627739   100.0
1066   -79.595018194193   43.51998180580699   100.0
1067   -79.59427192195554   43.52072807804445   100.0
1068   -79.59354384391109   43.52145615608891   100.0
1069   -79.59281576586665   43.52218423413336   100.0
1070   -79.59208768782219   43.52291231217781   100.0
1071   -79.59135960977773   43.52364039022227   100.0
1072   -79.59063153173328   43.52436846826672   100.0
1073   -79.58990345368883   43.525096546311175   100.0
1074   -79.58917537564437   43.52582462435563   100.0
1075   -79.58844729759991   43.52655270240008   100.0
1076   -79.58771921955547   43.52728078044454   100.0
1077   -79.58699114151102   43.528008858488995   100.0
1078   -79.58626306346656   43.52873693653345   100.0
1079   -79.5855349854221   43.5294650145779   100.0
1080   -79.58480690737765   43.53019309262236   100.0
1081   -79.5840788293332   43.53092117066681   100.0
1082   -79.58335075128873   43.53164924871126   100.0
1083   -79.58260520676332   43.53239479323669   100.0
1084   -79.5818770801933   43.53312291980671   100.0
1085   -79.58114895362327   43.53385104637673   100.0
1086   -79.58042082705326   43.534579172946756   100.0
1087   -79.57969270048324   43.535307299516774   100.0
1088   -79.57896457391321   43.5360354260868   100.0
1089   -79.57823644734319   43.53676355265682   100.0
1090   -79.57750832077316   43.53749167922684   100.0
1091   -79.57678019420314   43.538219805796864   100.0
1092   -79.57605206763313   43.53894793236688   100.0
1093   -79.57532394106309   43.539676058936905   100.0
1094   -79.57459581449308   43.54040418550693   100.0
1095   -79.57386768792306   43.541132312076954   100.0
1096   -79.57313956135303   43.54186043864698   100.0
1097   -79.572411434783   43.54258856521699   100.0
1098   -79.57168330821298   43.54331669178701   100.0
1099   -79.57093849156037   43.54406150843963   100.0
1100   -79.57021031645407   43.54478968354593   100.0
1101   -79.56948214134776   43.54551785865224   100.0
1102   -79.56875396624146   43.54624603375854   100.0
1103   -79.56802579113516   43.546974208864846   100.0
1104   -79.56729761602885   43.54770238397115   100.0
1105   -79.56656944092254   43.54843055907745   100.0
1106   -79.56584126581625   43.54915873418376   100.0
1107   -79.56511309070994   43.549886909290066   100.0
1108   -79.56438491560364   43.55061508439637   100.0
1109   -79.56365674049732   43.551343259502666   100.0
1110   -79.56292856539103   43.552071434608976   100.0
1111   -79.56220039028472   43.55279960971528   100.0
1112   -79.56147221517841   43.553527784821576   100.0
1113   -79.56074404007211   43.554255959927886   100.0
1114   -79.5600158649658   43.55498413503419   100.0
1115   -79.5592717763467   43.55572822365329   100.0
1116   -79.55854355269341   43.55645644730658   100.0
1117   -79.55781532904012   43.55718467095988   100.0
1118   -79.55708710538683   43.55791289461317   100.0
1119   -79.55635888173353   43.55864111826647   100.0
1120   -79.55563065808023   43.55936934191976   100.0
1121   -79.55490243442694   43.56009756557306   100.0
1122   -79.55417421077365   43.56082578922636   100.0
1123   -79.55344598712034   43.561554012879654   100.0
1124   -79.55271776346706   43.562282236532944   100.0
1125   -79.55198953981375   43.563010460186234   100.0
1126   -79.55126131616046   43.56373868383954   100.0
1127   -79.55053309250717   43.56446690749283   100.0
1128   -79.54980486885387   43.565195131146126   100.0
1129   -79.54907664520057   43.565923354799416   100.0
1130   -79.54834842154727   43.56665157845271   100.0
1131   -79.54760506112234   43.567394938877655   100.0
1132   -79.54687678891133   43.56812321108865   100.0
1133   -79.54614851670036   43.56885148329964   100.0
1134   -79.54542024448936   43.569579755510624   100.0
1135   -79.54469197227837   43.57030802772162   100.0
1136   -79.54396370006738   43.571036299932615   100.0
1137   -79.54323542785639   43.57176457214361   100.0
1138   -79.5425071556454   43.5724928443546   100.0
1139   -79.5417788834344   43.57322111656559   100.0
1140   -79.54105061122341   43.57394938877658   100.0
1141   -79.54032233901242   43.574677660987575   100.0
1142   -79.53959406680143   43.57540593319857   100.0
1143   -79.53886579459044   43.57613420540956   100.0
1144   -79.53813752237944   43.576862477620544   100.0
1145   -79.53740925016845   43.57759074983154   100.0
1146   -79.53668097795746   43.578319022042535   100.0
1147   -79.53593834588727   43.57906165411272   100.0
1148   -79.53521002510789   43.57978997489211   100.0
1149   -79.5344817043285   43.58051829567151   100.0
1150   -79.53375338354911   43.5812466164509   100.0
1151   -79.53302506276971   43.58197493723028   100.0
1152   -79.53229674199032   43.58270325800967   100.0
1153   -79.53156842121093   43.58343157878907   100.0
1154   -79.53084010043153   43.584159899568455   100.0
1155   -79.53011177965216   43.58488822034784   100.0
1156   -79.52938345887276   43.58561654112724   100.0
1157   -79.52865513809338   43.58634486190663   100.0
1158   -79.52792681731398   43.58707318268601   100.0
1159   -79.5271984965346   43.5878015034654   100.0
1160   -79.52647017575521   43.5885298242448   100.0
1161   -79.52574185497582   43.58925814502419   100.0
1162   -79.52501353419643   43.58998646580358   100.0
1163   -79.52427163064152   43.59072836935848   100.0
1164   -79.52354326128304   43.591456738716964   100.0
1165   -79.52281489192454   43.592185108075455   100.0
1166   -79.52208652256607   43.59291347743394   100.0
1167   -79.52135815320757   43.593641846792416   100.0
1168   -79.5206297838491   43.59437021615091   100.0
1169   -79.5199014144906   43.59509858550939   100.0
1170   -79.51917304513213   43.59582695486788   100.0
1171   -79.51844467577364   43.59655532422636   100.0
1172   -79.51771630641515   43.59728369358484   100.0
1173   -79.51698793705665   43.598012062943326   100.0
1174   -79.51625956769819   43.59874043230182   100.0
1175   -79.51553119833969   43.59946880166031   100.0
1176   -79.5148028289812   43.600197171018785   100.0
1177   -79.51407445962272   43.600925540377276   100.0
1178   -79.51334609026424   43.60165390973576   100.0
1179   -79.51209143680622   43.60166666666666   100.0
1180   -79.51084954027911   43.60166666666666   100.0
1181   -79.50960764375199   43.60166666666666   100.0
1182   -79.50836574722487   43.60166666666666   100.0
1183   -79.50712385069775   43.60166666666666   100.0
1184   -79.50588195417063   43.60166666666666   100.0
1185   -79.50464005764353   43.60166666666666   100.0
1186   -79.50339816111641   43.60166666666666   100.0
1187   -79.50215626458929   43.60166666666666   100.0
1188   -79.5   43.6   0
